2024-01-01 11.1 14.7 25.8
2024-01-02 24.8 16.0 6.1
2024-01-03 33.8 12.2 28.7
2024-01-04 39.8 23.3 2.5
2024-01-05 20.0 23.9 24.1
2024-01-06 37.3 16.5 14.4
2024-01-07 13.2 21.8 22.4
2024-01-08 11.8 9.2 16.7
2024-01-09 30.5 7.8 7.3
2024-01-10 15.8 9.4 27.6
2024-01-11 31.5 19.7 23.8
2024-01-12 20.7 20.3 29.4
2024-01-13 31.0 13.3 21.5
2024-01-14 37.0 7.6 8.0
2024-01-15 37.6 23.9 14.5
2024-01-16 21.2 10.7 15.0
2024-01-17 38.0 8.0 12.6
2024-01-18 37.3 12.0 23.0
2024-01-19 21.7 21.1 29.4
2024-01-20 21.6 21.9 29.7
2024-01-21 39.5 13.7 14.6
2024-01-22 19.1 11.3 14.8
2024-01-23 16.0 19.2 16.1
2024-01-24 36.9 21.2 9.7
2024-01-25 25.2 20.0 5.8
2024-01-26 10.9 22.0 4.1
2024-01-27 36.7 23.3 13.8
2024-01-28 34.2 12.3 25.7
2024-01-29 34.7 6.6 17.5
2024-01-30 29.2 5.0 29.4
2024-01-31 22.2 15.3 5.8
2024-02-01 28.3 21.2 17.6
2024-02-02 33.6 19.6 7.1
2024-02-03 23.1 8.0 1.3
2024-02-04 11.9 23.8 29.5
2024-02-05 12.8 11.7 3.4
2024-02-06 35.0 14.9 18.6
2024-02-07 26.2 19.2 9.6
2024-02-08 14.1 5.4 13.4
2024-02-09 37.2 11.1 5.9
2024-02-10 37.8 7.1 1.6
2024-02-11 36.4 19.0 12.7
2024-02-12 32.6 19.8 1.2
2024-02-13 30.3 17.8 28.9
2024-02-14 39.0 12.6 17.7
2024-02-15 14.2 6.3 13.0
2024-02-16 30.7 16.4 12.9
2024-02-17 34.5 20.9 22.0
2024-02-18 12.3 20.9 27.6
2024-02-19 11.8 13.0 29.7
2024-02-20 28.0 15.3 5.3
2024-02-21 27.0 13.8 3.8
2024-02-22 23.9 8.3 21.9
2024-02-23 39.2 14.4 19.0
2024-02-24 22.9 7.8 29.1
2024-02-25 13.9 7.2 13.8
2024-02-26 29.8 12.1 5.8
2024-02-27 34.6 12.3 5.8
2024-02-28 21.0 9.3 15.6
2024-02-29 30.0 21.0 6.8
2024-03-01 15.0 5.4 6.8
2024-03-02 10.7 11.9 4.4
2024-03-03 27.4 12.7 2.8
2024-03-04 22.0 9.2 20.4
2024-03-05 20.9 7.9 10.5
2024-03-06 16.7 20.9 29.5
2024-03-07 10.8 18.8 7.9
2024-03-08 12.0 5.3 26.4
2024-03-09 20.6 24.9 13.3
2024-03-10 15.6 20.5 27.8
2024-03-11 34.5 19.9 10.0
2024-03-12 11.9 9.0 13.4
2024-03-13 38.7 19.5 24.8
2024-03-14 18.3 18.7 25.9
2024-03-15 24.4 13.6 21.6
2024-03-16 26.8 24.9 12.8
2024-03-17 15.3 14.4 7.1
2024-03-18 26.8 7.5 28.5
2024-03-19 35.8 8.1 5.2
2024-03-20 25.4 20.5 6.6
2024-03-21 11.8 15.9 20.7
2024-03-22 17.3 19.8 28.5
2024-03-23 14.1 15.2 1.7
2024-03-24 16.2 6.8 12.1
2024-03-25 34.6 16.5 6.7
2024-03-26 11.2 16.1 4.0
2024-03-27 20.3 15.2 27.1
2024-03-28 12.5 18.4 0.4
2024-03-29 28.9 16.0 24.4
2024-03-30 25.9 12.1 7.3
2024-03-31 12.6 15.7 26.6
2024-04-01 25.4 19.8 9.0
2024-04-02 23.4 11.5 3.3
2024-04-03 22.5 20.3 11.8
2024-04-04 29.5 20.2 9.7
2024-04-05 33.9 11.8 7.7
2024-04-06 16.7 9.0 22.1
2024-04-07 36.6 9.6 2.6
2024-04-08 19.4 18.2 11.1
2024-04-09 26.5 19.9 12.3